# x 	 avg 	 50% 	 1% 	 99% 
0	0	0	0	0
500	23.1195335259	23.1197138431	23.1037291095	23.133680797
1000	11.3054471163	11.3054480609	11.2925438135	11.3174332948
1500	7.36966922744	7.36975108351	7.35907340098	7.38032250804
2000	5.40346406888	5.40332366933	5.39369868042	5.41293056616
2500	4.2250134354	4.22506106004	4.21564724001	4.23438264183
3000	3.4405879064	3.44071379118	3.43133896714	3.4499450494
3500	2.88126759626	2.8813829333	2.87227409663	2.88999031044
4000	2.46251266147	2.46251743141	2.45325501658	2.47156606735
4500	2.13759385061	2.13764483275	2.12853003589	2.14604779996
5000	1.87840537086	1.87838054993	1.86967139298	1.88704093389
5500	1.66688560649	1.66698782935	1.65872162566	1.6757202876
6000	1.49117721504	1.49111775737	1.48253484413	1.50008101243
6500	1.34310070602	1.34312623446	1.3342048901	1.3521266918
7000	1.21658383605	1.21659752776	1.20807424609	1.22504210285
7500	1.10739473287	1.10748175509	1.09913899559	1.11599155236
8000	1.01222091757	1.0122534398	1.00417742785	1.02094136275
8500	0.928637052514	0.92854511258	0.920274154621	0.937368183832
9000	0.854714432819	0.854636255984	0.846273170058	0.863710558851
9500	0.788964589612	0.788981831856	0.780326358315	0.797616317329
10000	0.730061833052	0.730002995658	0.721198933235	0.739105773093
10500	0.677077655342	0.677063896514	0.668255053161	0.686095194336
11000	0.629170212343	0.629079220868	0.62032541612	0.637750307026
11500	0.585695185981	0.585664687257	0.577047341514	0.594433731005
12000	0.546107920558	0.546061953105	0.53733635892	0.555304990619
12500	0.509927606382	0.509884533181	0.501324487453	0.51914400787
13000	0.476725208129	0.476656528486	0.468009760084	0.48581571471
13500	0.446293003913	0.446245946636	0.437722110772	0.455918264905
14000	0.418247727531	0.418187182188	0.409244218577	0.427720528004
14500	0.392369843713	0.392418730546	0.382994115221	0.401792146287
15000	0.368515543068	0.368460286475	0.3587273462	0.377876673973
15500	0.346272106449	0.346189800585	0.336847421649	0.355967740613
16000	0.325567103827	0.32555919195	0.316050865788	0.335962051823
16500	0.306338112261	0.306221953201	0.296569819966	0.315948274978
17000	0.2883978879	0.288332591673	0.279053181432	0.297998694842
17500	0.271656327406	0.271724428397	0.261817094892	0.281983147134
18000	0.256011576973	0.25597130299	0.246146881654	0.266284585946
18500	0.24130644525	0.241386666187	0.231422586105	0.25164990695
19000	0.227518643816	0.227527054195	0.217695262585	0.237548498853
19500	0.214545321757	0.214432298605	0.204450930419	0.225004884442
20000	0.202427483578	0.202447231776	0.192790869113	0.212908367956
20500	0.191060310892	0.190966392873	0.180958831591	0.202041603898
21000	0.180290440501	0.180114179752	0.170486483612	0.191270625363
21500	0.170117698776	0.170016758896	0.160133296751	0.180598919257
22000	0.160568895974	0.1604532437	0.149410539047	0.171874957786
22500	0.151575217312	0.151439753323	0.141363423425	0.162908880383
23000	0.142996323386	0.142956228828	0.132745086982	0.154600582082
23500	0.134915330425	0.13467977586	0.123934889135	0.146242233735
24000	0.12729160253	0.127074550987	0.116849907232	0.138832667672
24500	0.120056966168	0.119955947268	0.108747764838	0.132134212203
25000	0.113214712087	0.113119725662	0.102028079243	0.12482676099
25500	0.106708983973	0.106560184013	0.0951123250896	0.11829055228
26000	0.100535241801	0.100427593481	0.0891726292345	0.112442384991
26500	0.0946630967659	0.0945477903581	0.0836506885451	0.106706122334
27000	0.0890688789554	0.0887919335873	0.0779794863126	0.101142756752
27500	0.0837788400849	0.0836346208054	0.0726214791308	0.096513988557
28000	0.0787807723997	0.0786782943127	0.0671727358426	0.0911710457493
28500	0.073972196685	0.0738148475714	0.0620330896727	0.0859008556059
29000	0.0694271839573	0.0693087861172	0.0572270635085	0.0811535704529
29500	0.0650894367085	0.0649073527	0.052525740974	0.0770205319382
30000	0.0609855279459	0.0607687665446	0.0485662281836	0.0733961852384
30500	0.0570720085818	0.0568604920829	0.0443808331095	0.0693394971303
31000	0.0533742544903	0.0532171268025	0.0408198314319	0.0660577856209
31500	0.0497732652214	0.0495452388428	0.0372580976367	0.0620200061202
32000	0.0463831819564	0.0462336360403	0.0339895712271	0.0586693636579
32500	0.0431468524852	0.0429776511549	0.030769837204	0.0559382553954
33000	0.040048450357	0.0398987167547	0.0275927772514	0.0526336553531
33500	0.0370975384657	0.0369170859555	0.0242486911526	0.0497915539132
34000	0.034301395827	0.0342059943434	0.0216343830578	0.047450500601
34500	0.0315942091579	0.0314275413488	0.0179200027867	0.0443376663436
35000	0.029014424569	0.0288356685157	0.0154299853712	0.0413958331228
35500	0.0265537664172	0.0264265784862	0.0132670246005	0.0394891689966
36000	0.0242175108239	0.0240676846705	0.0106312874726	0.0371990588237
36500	0.021963031064	0.0219283735767	0.00856093638535	0.0355502524179
37000	0.0198434506337	0.0199111278277	0.00608960672475	0.0327931700103
37500	0.0177644530768	0.0178945839566	0.0039359381601	0.0317245121678
38000	0.0157843740268	0.0159059796662	0.0017174218712	0.0294602781175
38500	0.0138881628097	0.0139717954537	0.00100104034846	0.0277642522356
39000	0.0121219834436	0.0121541515887	0.000431842361134	0.0255274335567
39500	0.0105271998895	0.0103567123379	0.000393042272879	0.0244263220155
40000	0.00901710510665	0.0086280724728	0.000276555975383	0.0229732015916
40500	0.00770389814828	0.0069929850525	0.000177466721094	0.0209918440837
41000	0.00661545713382	0.0057508582102	0.00012036402344	0.0190645703969
41500	0.00578023670642	0.00495034271935	7.23908237441e-05	0.0173562301022
42000	0.00518900462597	0.00443455577262	4.3459734543e-05	0.0174090156125
42500	0.0049416553139	0.00424472142191	7.91910793925e-05	0.0166334557988
43000	0.00483455754704	0.00399170336546	7.04050745277e-05	0.0160101113461
43500	0.00496470662723	0.00411444203788	9.06222112304e-05	0.0166394625022
44000	0.00531563564048	0.00454525942093	7.69307468508e-05	0.0169494603603
44500	0.00574217539202	0.00476611573206	7.24871343229e-05	0.0177261149101
45000	0.0063663819123	0.00545603764364	0.000104150125419	0.0197261275717
45500	0.00703965255225	0.00624490605386	0.000102661603205	0.0212502091036
46000	0.00779057853202	0.00716556206026	0.000108996643945	0.0228037907193
46500	0.00861999293129	0.00812739315644	0.000187822247079	0.0241301179099
47000	0.00947992726808	0.0089883356524	0.000280444052521	0.0246628556683
47500	0.0102733053968	0.00998539611814	0.000282387469301	0.0253561037247
48000	0.0111155286831	0.0108750639934	0.000375270892524	0.0252343948099
48500	0.0119048317529	0.0116928465493	0.000382638265475	0.0262244886872
49000	0.0127037044071	0.0124328246641	0.000668272325575	0.027455960875
49500	0.0134977529841	0.0134519636054	0.00063945819735	0.0284128671035
50000	0.0143130619998	0.0142050078109	0.000868600447097	0.0289361017665
50500	0.0150697643515	0.0150554174706	0.000981906613766	0.0291497140622
51000	0.0157800136196	0.0157543308153	0.00131961797896	0.0302701458683
51500	0.0165101282013	0.0165067425334	0.00164483117161	0.0307733403865
52000	0.0171799105941	0.0172107781882	0.00229267504091	0.0314107478192
52500	0.0178420896663	0.0178521782585	0.00225591519582	0.031963729522
53000	0.0185156120935	0.01835003432	0.0030429290989	0.0330064032122
53500	0.0191356777323	0.0190921430372	0.00355934402414	0.0336919946139
54000	0.0197850856409	0.0198413432793	0.00388897572999	0.0344824993818
54500	0.0203538685148	0.0205132857287	0.00535862336868	0.0357136638615
55000	0.020920536545	0.0210563999006	0.00582417819618	0.0358520072222
55500	0.0214854789703	0.0215403748789	0.00596067751102	0.0359382425947
56000	0.0220365274345	0.0220557632195	0.00714929775859	0.0361291970068
56500	0.0225945693577	0.0225453617584	0.00770743187513	0.0375718732887
57000	0.0231432353458	0.0230335185648	0.00800952686207	0.0376720466118
57500	0.0236296908179	0.0236130422258	0.00841448848936	0.0377126987018
58000	0.0241184051585	0.0240781513154	0.00880897031157	0.0388095447603
58500	0.024597801415	0.0246109025953	0.00844094232169	0.039109725036
59000	0.0250563956798	0.0250216962451	0.00905231697532	0.0395994950556
59500	0.0255089548076	0.0253244206643	0.0102359480668	0.0405612041843
60000	0.0259558478053	0.0257769600385	0.010389786478	0.0409769259988
60500	0.0264125470435	0.0260473647324	0.0112308312002	0.0418776734981
61000	0.0268267181473	0.0266481379656	0.011820306567	0.0420694862051
61500	0.0272205774199	0.027070210102	0.0117199068902	0.0430059501076
62000	0.0276029217045	0.0273186076842	0.0116164187387	0.0429832449721
62500	0.0280049675246	0.0278450185624	0.0125382767882	0.0424246390244
63000	0.0283964154181	0.028168117054	0.0130385581776	0.0429747570915
63500	0.0287521767953	0.0285930936972	0.0137500604974	0.0434560724155
64000	0.0291201856708	0.0290388452184	0.0139798231868	0.0437659042598
64500	0.0294907221236	0.0294206310265	0.0144032111353	0.0444744938356
65000	0.0298707919467	0.0297677390301	0.0148278316449	0.0445363964145
65500	0.0302335821413	0.0303173195825	0.0157010143619	0.0451606694415
66000	0.0306266689434	0.0304563295598	0.0161217728372	0.0453864949182
66500	0.0309936531695	0.031110021523	0.0160701398114	0.045470226138
67000	0.0313131801431	0.0314873071441	0.0164399044647	0.0459623544047
67500	0.0316101355256	0.0316888520787	0.0168458427773	0.046231378092
68000	0.0319428201857	0.0320955216995	0.0171758551323	0.0466472399641
68500	0.0322755720814	0.0323634898083	0.0172812420366	0.047101327149
69000	0.0325927002429	0.0326332274759	0.0172083768187	0.0474263982105
69500	0.0329531659848	0.0328121651281	0.0177376271597	0.0477233433384
70000	0.033218846653	0.03309505064	0.0183232519898	0.0477195744023
70500	0.0335752140391	0.0333962038391	0.0186024723459	0.0481987379392
71000	0.0339016926102	0.0336751051789	0.0187700196323	0.0485029597559
71500	0.0342187555394	0.0342177258901	0.0184895170599	0.0488878205645
72000	0.0345393226993	0.0346715916802	0.0189816419498	0.0489838386921
72500	0.0348601351686	0.0349566931808	0.0191845866281	0.0495930483606
73000	0.0351510827244	0.0352343049059	0.0205338173981	0.0496552132451
73500	0.0354580523742	0.0354460074078	0.0209807756283	0.0504538468059
74000	0.0357578923832	0.0357988386162	0.0208495590228	0.0509820591822
74500	0.0360608049248	0.0361555077234	0.0208699448072	0.051498397496
75000	0.0363721003885	0.0364487215099	0.0208680035222	0.052096094542
75500	0.0366932110062	0.0367053559381	0.0213818506679	0.0523212651239
76000	0.0369875032	0.0370672424394	0.0214461653998	0.0527114128292
76500	0.0372991000454	0.0374564045656	0.0219483296532	0.0527634803154
77000	0.0375951824807	0.0376915491297	0.0220824509605	0.0527417020593
77500	0.0378892175566	0.0379819143513	0.0225636394726	0.0529569243019
78000	0.0381027851259	0.0382260034286	0.0223824549129	0.0539346908565
78500	0.0384221762637	0.0384931985414	0.0232008441235	0.0539538902221
79000	0.0387118464429	0.0389045410458	0.0232444502981	0.0543890805659
79500	0.0389801727038	0.039118638306	0.0236597612914	0.0542312192561
80000	0.0392678739188	0.0394443534082	0.023362903679	0.0548624103468
80500	0.0395229769003	0.0396042693816	0.0235898162358	0.0550691344599
81000	0.0397824662651	0.0399125314161	0.0239394366581	0.0548430102945
81500	0.0400077045331	0.0402645240192	0.0239693151265	0.054954017609
82000	0.0402910625178	0.0405202757817	0.023912813216	0.0558401943443
82500	0.040565535786	0.0408711544743	0.0246076746295	0.0558972133997
83000	0.0408015624452	0.0411051326854	0.0242567127743	0.0559352119782
83500	0.0410557883289	0.0413271699427	0.0241544476803	0.0562749748224
84000	0.0413699214318	0.041695012003	0.0244212458757	0.0562689720873
84500	0.0416738973438	0.0420031224074	0.0249725189828	0.0564891309168
85000	0.0419535081608	0.0421505141882	0.0250375162607	0.0570175029617
85500	0.0422032971165	0.0424663850353	0.0255905002085	0.0574724788912
86000	0.0424926143608	0.0426195955031	0.0256812005878	0.057127451935
86500	0.0428030553296	0.0428379792406	0.0266308036324	0.0573344370676
87000	0.0430892337846	0.0432384980463	0.0269615085827	0.0579351468747
87500	0.0433459003866	0.0433657203799	0.0262484466149	0.0580610715218
88000	0.0435870738264	0.0435390984109	0.026443932094	0.0583839381357
88500	0.0438395039458	0.0439031673681	0.0265270461993	0.0583833095214
89000	0.0441264642116	0.0442080510121	0.0270650056995	0.0584545060194
89500	0.0443789940117	0.0446288494119	0.0272498849562	0.0587237822241
90000	0.0446382618464	0.0449176306696	0.0274217213387	0.0593125591491
90500	0.0449354085816	0.0451302814219	0.0276585399383	0.0595373454551
91000	0.0451995269591	0.0453311980811	0.0276265454857	0.0596592359216
91500	0.0454500550206	0.0456840805354	0.0283662302177	0.059761617968
92000	0.0457106525445	0.046069891309	0.0282495856464	0.0601647309522
92500	0.0459580802903	0.0461689244282	0.0284260791577	0.0604249849299
93000	0.0462244845921	0.0465199628599	0.0288880759352	0.060291830009
93500	0.0465073573482	0.0467455116149	0.0290072829578	0.0614104245221
94000	0.0468143041019	0.0470605586335	0.0292687474325	0.0615075730672
94500	0.0470554165138	0.0472220649831	0.029644164563	0.061654955986
95000	0.0473455259425	0.0475196271069	0.0295760770016	0.061551685394
95500	0.0475863437494	0.047682879383	0.0297191876118	0.0622211910614
96000	0.0478252860954	0.0477672699938	0.0300637351935	0.0621270436449
96500	0.0480859788062	0.0481362190806	0.0306683548932	0.0628633771346
97000	0.0483157721515	0.0483769024451	0.0312920669702	0.0632156020104
97500	0.0485715752135	0.0486532994727	0.0321443616608	0.0637643486845
98000	0.0487905349417	0.0489673261073	0.0319287465141	0.0643655781464
98500	0.0490449400457	0.04910777288	0.0324880240019	0.0640560542405
99000	0.0493159389599	0.0493980408765	0.0317544144081	0.064386345313
99500	0.0495801393757	0.0495803644535	0.0324170464233	0.0647414800777
