# x 	 avg 	 error 
  0	1.00003051882	0
100	100.708892014	0.00708892013766
200	200.825823455	0.00412911727626
300	301.25270963	0.00417569876699
400	401.479126879	0.00369781719754
500	502.013160181	0.00402632036113
600	601.196733548	0.00199455591301
700	699.940805126	8.45641057911e-05
800	799.59857751	0.000501778112153
900	898.809740858	0.00132251015813
1000	999.581937062	0.000418062938012
1100	1100.54992102	0.000499928201174
1200	1201.7137603	0.00142813358506
1300	1300.90806234	0.000698509491348
1400	1401.36043038	0.000971735983201
1500	1501.44542208	0.000963614718697
1600	1600.93272314	0.000582951964739
1700	1701.91573079	0.00112690046652
1800	1801.40314741	0.000779526338085
1900	1901.49947879	0.000789199365367
2000	2000.40273337	0.000201366687249
2100	2100.24806557	0.000118126463327
2200	2199.56078019	0.000199645366617
2300	2300.28637275	0.000124509891587
2400	2400.01286971	5.36237941352e-06
2500	2500.35040242	0.000140160966656
2600	2601.19022347	0.000457778256563
2700	2700.41478491	0.000153624040446
2800	2801.07218363	0.000382922724665
2900	2899.60858479	0.000134970763553
3000	2999.81966588	6.01113726198e-05
3100	3099.44116484	0.000180269407586
3200	3197.7270941	0.000710283094986
3300	3295.25704788	0.00143725821767
3400	3394.11149496	0.00173191324744
3500	3492.20064882	0.00222838605121
3600	3590.76248098	0.00256597750624
3700	3690.41906537	0.0025894417928
3800	3792.82531172	0.00188807586339
3900	3894.35461212	0.00144753535365
4000	3995.49601874	0.00112599531404
4100	4097.78558363	0.00054010155363
4200	4193.73342205	0.00149204236976
4300	4293.10316099	0.00160391604911
4400	4391.7808049	0.00186799888627
4500	4493.81991796	0.00137335156544
4600	4593.71298001	0.00136674347531
4700	4690.88921744	0.00193846437382
4800	4791.59869969	0.00175027089747
4900	4891.18146689	0.00179970063375
5000	4989.06070109	0.00218785978193
5100	5090.25755841	0.00191028266441
5200	5190.56798562	0.00181384891875
5300	5287.08599053	0.00243660556087
5400	5388.61287427	0.00210872698624
5500	5489.23321745	0.0019575968265
5600	5588.22965178	0.00210184789635
5700	5688.9639578	0.00193614775374
5800	5785.62054694	0.00247921604461
5900	5885.99060431	0.00237447384643
6000	5983.38589214	0.00276901797621
6100	6083.23791823	0.00274788225656
6200	6175.11496366	0.00401371553946
6300	6275.71919178	0.00385409654307
6400	6376.79069238	0.00362645431607
6500	6476.42208568	0.00362737143367
6600	6573.81770297	0.00396701470219
6700	6673.15000181	0.00400746241697
6800	6771.42714437	0.0042018905332
6900	6872.27421955	0.00401822905111
7000	6971.59676906	0.00405760442016
7100	7071.84037212	0.00396614477188
7200	7173.78123891	0.00364149459544
7300	7274.80158396	0.0034518378136
7400	7376.44905454	0.00318256019743
7500	7476.05272727	0.00319296969746
7600	7573.07705123	0.00354249325966
7700	7674.20249703	0.00335032506096
7800	7770.33379918	0.00380335907932
7900	7866.06141151	0.00429602385941
8000	7968.53343765	0.00393332029391
8100	8064.27585492	0.00441038828173
8200	8159.42446625	0.00494823582284
8300	8257.45743616	0.00512561010099
8400	8357.91255512	0.00501041010445
8500	8454.63209843	0.00533740018458
8600	8553.9489847	0.00535476922085
8700	8654.89379247	0.00518462155471
8800	8757.81588729	0.00479364917127
8900	8859.33333184	0.00456928855774
9000	8963.90951607	0.0040100537705
9100	9063.24171352	0.00403937214116
9200	9162.47670088	0.00407861946925
9300	9263.02465254	0.00397584381256
9400	9361.52846548	0.00409271643867
9500	9463.65515451	0.00382577320925
9600	9565.89894131	0.00355219361396
9700	9664.63490238	0.00364588635303
9800	9766.8767243	0.00337992609179
9900	9864.44138909	0.00359177888018
10000	9966.47691542	0.00335230845779
10100	10063.0299109	0.0036604048606
10200	10166.6660956	0.00326802984779
10300	10261.0465955	0.00378188393215
10400	10359.3863266	0.00390516090136
10500	10457.7347476	0.00402526213405
10600	10555.7077648	0.00417851275785
10700	10656.3855604	0.00407611585007
10800	10756.9308633	0.00398788302467
10900	10859.4390395	0.00372118903591
11000	10962.7844373	0.003383232969
11100	11062.8665423	0.00334535654919
11200	11171.4657542	0.00254770051347
11300	11271.8506116	0.00249109631662
11400	11373.2550698	0.00234604650579
11500	11473.6624671	0.00229022025431
11600	11566.3813515	0.00289815935625
11700	11662.4830242	0.0032065791298
11800	11749.9471164	0.00424176980005
11900	11852.5100528	0.00399075186599
12000	11953.4118442	0.00388234631254
12100	12061.0086663	0.00322242427628
12200	12162.1609647	0.0031015602677
12300	12261.1858952	0.00315561827617
12400	12357.2056149	0.00345116008957
12500	12448.8573774	0.00409140981147
12600	12547.2860476	0.00418364701243
12700	12641.7620528	0.00458566513508
12800	12735.929447	0.00500551195457
12900	12832.1731508	0.00525789528414
13000	12926.1284036	0.00568243049016
13100	13025.6891711	0.00567258235573
13200	13125.4152703	0.00565035830716
13300	13227.7700454	0.00543082365773
13400	13327.6231396	0.00540125824186
13500	13426.2904315	0.00545996803776
13600	13521.9080958	0.00574205177697
13700	13626.0875683	0.00539506800557
13800	13723.3091404	0.00555730866623
13900	13821.8108418	0.00562511929306
14000	13916.9621839	0.00593127257558
14100	14019.0037193	0.00574441707099
14200	14117.2135303	0.0058300330791
14300	14220.0238992	0.00559273432298
14400	14320.6099825	0.00551319565821
14500	14417.7394795	0.00567313934164
14600	14516.1234509	0.00574496911335
14700	14612.2318398	0.00597062314336
14800	14713.0298332	0.00587636262224
14900	14810.288568	0.00602090147649
15000	14906.3579294	0.00624280470974
15100	15006.535785	0.00618968311022
15200	15106.2999682	0.00616447577536
15300	15203.6132365	0.00629978846178
15400	15305.6092437	0.00612926989245
15500	15407.7568351	0.00595117193197
15600	15509.9939988	0.00576961546463
15700	15604.8583255	0.00605997926883
15800	15696.3741645	0.00655859718559
15900	15795.1708161	0.00659303043154
16000	15895.3913474	0.00653804078502
16100	15996.9974461	0.00639767415224
16200	16091.2398766	0.00671358786634
16300	16188.4436426	0.00684394830418
16400	16288.6902565	0.00678717948074
16500	16393.6005017	0.00644845444014
16600	16491.5471971	0.00653330137758
16700	16585.9759959	0.00682778467678
16800	16686.7486425	0.00674115223146
16900	16792.9030823	0.00633709572301
17000	16894.6686161	0.00619596376143
17100	16989.1711996	0.00648121639754
17200	17087.0607823	0.00656623358907
17300	17191.8389694	0.00625208269379
17400	17287.5065014	0.00646514359757
17500	17387.1887674	0.0064463561463
17600	17495.1147551	0.0059593889156
17700	17595.8467517	0.00588436430829
17800	17700.9504848	0.00556457950342
17900	17796.087701	0.00580515636944
18000	17897.6753797	0.00568470112788
18100	17995.1244594	0.00579422876225
18200	18086.9223922	0.0062130553709
18300	18183.7338063	0.00635334391761
18400	18281.4037468	0.00644544854152
18500	18383.9236713	0.00627439614794
18600	18482.1339836	0.00633688260464
18700	18583.4764806	0.00623120424479
18800	18685.414296	0.00609498425772
18900	18778.9126178	0.00640673979794
19000	18872.0139546	0.00673610765398
19100	18968.165729	0.00690231785083
19200	19062.6192714	0.00715524628158
19300	19160.6086125	0.00722235168234
19400	19262.997445	0.00706198737067
19500	19364.4253133	0.00695254803558
19600	19459.9252706	0.00714666986597
19700	19550.3325205	0.00759733398485
19800	19642.636048	0.00794767434414
19900	19739.1223868	0.00808430216874
20000	19835.8695987	0.00820652006748
20100	19934.5130383	0.00823318217285
20200	20029.647539	0.00843329014751
20300	20120.5348515	0.00884064770849
20400	20209.2564434	0.00935017434321
20500	20298.827188	0.00981330790019
20600	20397.1615617	0.00984652613143
20700	20492.5227822	0.0100230539989
20800	20591.2595744	0.010035597383
20900	20691.7739456	0.009962969112
21000	20791.8042842	0.00991408170546
21100	20891.0766974	0.0099015783213
21200	20989.4163788	0.00993318967978
21300	21081.8132895	0.0102435075373
21400	21180.2167489	0.0102702453766
21500	21274.7741594	0.0104756204941
21600	21375.8780283	0.010376017206
21700	21475.6837699	0.0103371534628
21800	21577.9718984	0.0101847753033
21900	21678.3190776	0.0101224165472
22000	21773.1883109	0.0103096222318
22100	21869.0580381	0.0104498625312
22200	21970.3462987	0.0103447613219
22300	22074.6739712	0.0101043062223
22400	22182.0869125	0.00972826283511
22500	22274.9256401	0.010003304886
22600	22373.3490795	0.0100288017939
22700	22474.4089415	0.00993793209213
22800	22572.8411257	0.00996310852312
22900	22670.3741209	0.0100273309657
23000	22772.8323644	0.00987685372106
23100	22862.2216132	0.0102934366575
23200	22957.831377	0.0104383027152
23300	23062.9194786	0.0101751296741
23400	23160.8039771	0.0102220522623
23500	23262.7210058	0.0100969784775
23600	23355.2116172	0.0103723891
23700	23459.0843486	0.0101652173594
23800	23552.6704672	0.0103919971752
23900	23650.092355	0.0104563868202
24000	23747.7961918	0.0105084920072
24100	23848.2226576	0.010447192631
24200	23943.6802182	0.0105917265219
24300	24040.0418647	0.0106978656506
24400	24130.6010779	0.0110409394289
24500	24228.196301	0.0110940285291
24600	24320.6889896	0.0113541061125
24700	24411.4574541	0.0116818844484
24800	24508.0714445	0.0117713127203
24900	24599.8201351	0.0120554162629
25000	24700.7288824	0.0119708447059
25100	24799.0449426	0.0119902413291
25200	24895.7431458	0.0120736846921
25300	24982.821004	0.012536719209
25400	25086.1629385	0.0123557898215
25500	25180.2951915	0.0125374434699
25600	25282.383042	0.0124069124204
25700	25373.7995778	0.0126926234326
25800	25475.7610826	0.0125673998984
25900	25576.9317242	0.0124736786005
26000	25675.8405114	0.0124676726391
26100	25771.063109	0.0126029460156
26200	25858.0334671	0.0130521577432
26300	25945.0585247	0.0134958735868
26400	26041.8174133	0.0135675222218
26500	26134.2681133	0.0138012032711
26600	26232.0202514	0.0138338251346
26700	26327.0528451	0.0139680582377
26800	26424.0004109	0.0140298354127
26900	26517.7152766	0.0142113280082
27000	26612.2173915	0.014362318833
27100	26702.794821	0.0146570176745
27200	26792.444027	0.0149836754761
27300	26877.1411994	0.0154893333562
27400	26970.2626461	0.0156838450312
27500	27059.1119023	0.0160322944626
27600	27159.5686202	0.0159576586882
27700	27250.580058	0.0162245466441
27800	27365.5330578	0.015628307275
27900	27473.1870662	0.0152979546164
28000	27563.2997668	0.0155964368995
28100	27654.5339851	0.0158528830926
28200	27737.6288787	0.0163961390531
28300	27824.2865057	0.0168096641102
28400	27921.3441044	0.01685408083
28500	28015.1559171	0.0170120730849
28600	28103.7267855	0.0173522102963
28700	28198.5694448	0.017471447917
28800	28299.4046581	0.0173817827035
28900	28389.1909924	0.0176750521668
29000	28487.2640479	0.0176805500737
29100	28588.3087947	0.0175838902178
29200	28687.7598317	0.0175424715187
29300	28786.6279146	0.0175212315823
29400	28889.6221029	0.0173597924192
29500	28986.1264578	0.01741944211
29600	29081.9891087	0.0175003679509
29700	29181.4078404	0.017461015476
29800	29293.413345	0.0169995521828
29900	29382.6424798	0.0173029270956
30000	29493.2419541	0.0168919348643
30100	29592.5941495	0.0168573372274
30200	29698.7350421	0.0165981774134
30300	29797.0583644	0.016598733848
30400	29891.7731681	0.0167179878926
30500	29989.8849558	0.016725083418
30600	30084.3124017	0.0168525358923
30700	30178.06979	0.0170009840381
30800	30272.9057005	0.0171134512815
30900	30372.8235809	0.0170607255383
31000	30466.3118895	0.0172157454984
31100	30552.6961816	0.0175981935163
31200	30648.7005768	0.0176698533072
31300	30751.1054306	0.0175365677119
31400	30850.2025189	0.0175094739205
31500	30945.12741	0.0176150028565
31600	31037.1722023	0.0178110062565
31700	31139.2547038	0.0176891260618
31800	31227.2434144	0.0180112133839
31900	31325.7062152	0.0180029399633
32000	31425.7469515	0.0179454077656
32100	31528.3106597	0.0178096367704
32200	31636.1444437	0.0175110421222
32300	31725.8967883	0.0177740932401
32400	31834.3981206	0.0174568481286
32500	31932.9222035	0.0174485475839
32600	32024.4161197	0.0176559472498
32700	32120.5487087	0.0177202229761
32800	32221.8416037	0.0176267803743
32900	32322.6695027	0.0175480394329
33000	32417.6153883	0.0176480185367
33100	32518.274652	0.0175747839284
33200	32627.0346043	0.0172579938459
33300	32724.2681812	0.0172892438082
33400	32818.8394512	0.0174000164326
33500	32925.1009437	0.0171611658591
33600	33011.2901384	0.0175211268346
33700	33121.7655018	0.0171582937148
33800	33219.5273803	0.0171737461462
33900	33300.1949241	0.0176933650715
34000	33386.6155721	0.0180407184689
34100	33479.0388223	0.0182100052112
34200	33588.2835462	0.0178864460174
34300	33677.6799436	0.0181434418768
34400	33772.7116488	0.0182351264892
34500	33881.4748298	0.0179282658029
34600	33973.3615306	0.0181109384231
34700	34065.1984389	0.0182939931146
34800	34175.1074543	0.0179566823463
34900	34267.2505928	0.0181303555071
35000	34360.993092	0.018257340229
35100	34458.2227047	0.0182842534281
35200	34548.5185845	0.018507994758
35300	34644.6043826	0.0185664480857
35400	34741.1253504	0.0186122782376
35500	34836.3716635	0.0186937559565
35600	34934.1865244	0.018702625719
35700	35033.196492	0.0186779694112
35800	35128.4896309	0.0187572728802
35900	35207.296711	0.0192953562386
36000	35304.5842031	0.0193171054701
36100	35397.9784599	0.0194465800575
36200	35486.5309513	0.0197090897423
36300	35581.3969108	0.0197962283527
36400	35672.5568872	0.0199847009014
36500	35758.4009255	0.0203177828632
36600	35835.859283	0.0208781616669
36700	35932.1968348	0.0209210671716
36800	36047.48416	0.0204487999997
36900	36144.3465239	0.0204784139861
37000	36240.804892	0.0205187867033
37100	36317.448981	0.0210930193803
37200	36403.1137553	0.0214216732456
37300	36502.7072324	0.0213751412216
37400	36606.2801338	0.0212224563166
37500	36697.7876902	0.0213923282621
37600	36787.267051	0.0216152380041
37700	36892.6732718	0.0214145020752
37800	36983.2122348	0.0216081419359
37900	37064.7770746	0.0220375442071
38000	37165.8600008	0.0219510526107
38100	37276.5706883	0.0216123178917
38200	37372.9016434	0.0216517894393
38300	37459.2821585	0.0219508574811
38400	37561.0289816	0.0218482036047
38500	37643.144339	0.0222559911952
38600	37750.7778697	0.0220005733249
38700	37853.9895008	0.0218607364125
38800	37937.8846839	0.0222194669105
38900	38031.4013203	0.0223290149029
39000	38134.7707993	0.0221853641193
39100	38220.0640871	0.0225047548044
39200	38326.6509167	0.0222793133505
39300	38409.0141231	0.022671396359
39400	38507.0703762	0.0226631884226
39500	38626.0328439	0.0221257507867
39600	38732.0836882	0.02191707858
39700	38828.0120316	0.0219644324546
39800	38920.0410825	0.0221095205401
39900	39007.6095523	0.0223656753822
40000	39097.6296517	0.0225592587072
40100	39191.3109561	0.0226605746608
40200	39301.098206	0.0223607411453
40300	39388.3346923	0.0226219679327
40400	39498.4357213	0.0223159474921
40500	39599.354339	0.0222381644696
40600	39685.9511327	0.0225135188984
40700	39786.4862172	0.0224450560888
40800	39881.9155115	0.0225020707977
40900	39982.9852356	0.0224208988845
41000	40086.6552773	0.0222767005536
41100	40159.8418503	0.0228748941539
41200	40254.2554809	0.0229549640562
41300	40350.4549574	0.022991405391
41400	40441.9738954	0.0231407271646
41500	40529.9525601	0.0233746371056
41600	40617.0335581	0.023629001008
41700	40710.4524848	0.0237301562394
41800	40817.7574104	0.0234986265445
41900	40906.3112414	0.0237157221615
42000	41006.6577557	0.0236510058167
42100	41125.5700906	0.0231456035488
42200	41232.9101627	0.0229168207896
42300	41322.7686532	0.0231023959049
42400	41409.9806055	0.0233495140224
42500	41516.7692359	0.0231348415085
42600	41616.6719107	0.0230828189983
42700	41718.2444932	0.0229919322445
42800	41827.1931656	0.022729131645
42900	41911.7750022	0.0230355477344
43000	42002.9264946	0.0231877559389
43100	42087.7705243	0.0234856026842
43200	42217.0291197	0.0227539555636
43300	42307.5941615	0.0229193034293
43400	42409.992645	0.0228112293784
43500	42516.8880274	0.0226002752323
43600	42604.7599766	0.0228266060403
43700	42708.6707523	0.0226848798094
43800	42807.3441845	0.0226633747835
43900	42916.1034831	0.0224122213413
44000	43021.934488	0.022228761637
44100	43117.2407471	0.0222847903149
44200	43218.5236847	0.0222053465008
44300	43304.5231365	0.0224712610263
44400	43392.6631175	0.0226877676245
44500	43492.2072351	0.0226470284253
44600	43572.0856735	0.0230474064244
44700	43644.4910782	0.0236131749837
44800	43734.7796549	0.0237772398459
44900	43837.7638031	0.0236578217568
45000	43926.9071721	0.0238465072874
45100	44021.9128873	0.0239043705689
45200	44120.1233282	0.023891076809
45300	44217.182504	0.0239032559824
45400	44337.3890253	0.0234055280768
45500	44430.4058206	0.0235075643827
45600	44509.1382807	0.0239224061251
45700	44607.7263362	0.0239009554444
45800	44693.0957271	0.0241682155657
45900	44776.390113	0.024479518235
46000	44862.5510029	0.0247271521102
46100	44938.7259273	0.0251903269569
46200	45009.914188	0.0257594331598
46300	45084.874905	0.0262446024827
46400	45182.3367742	0.0262427419352
46500	45266.1697361	0.0265339841709
46600	45346.8464003	0.0268917081476
46700	45442.1552889	0.0269345762539
46800	45550.079231	0.0267077087393
46900	45632.9125405	0.0270167901806
47000	45724.4196874	0.0271400066508
47100	45845.7360761	0.0266298073019
47200	45944.7850129	0.0265935378632
47300	46034.1234656	0.0267627174292
47400	46114.8791234	0.0271122547805
47500	46218.8228262	0.0269721510281
47600	46307.603749	0.0271511817442
47700	46402.0835591	0.0272099882779
47800	46488.6378503	0.0274343545971
47900	46572.9936847	0.0277036809044
48000	46679.4537342	0.0275113805372
48100	46784.0155563	0.0273593439429
48200	46874.4303127	0.0275014457944
48300	46958.5647406	0.0277729867373
48400	47064.0147021	0.0276030020226
48500	47152.8527698	0.0277762315505
48600	47247.0825234	0.0278378081601
48700	47350.1999201	0.0277166340851
48800	47448.0285648	0.0277043326891
48900	47553.6226126	0.0275332799059
49000	47628.2816824	0.0279942513791
49100	47711.331885	0.0282824463335
49200	47792.6875493	0.0286039116005
49300	47870.2492449	0.0290010295157
49400	47961.9205431	0.0291109201803
49500	48056.7429058	0.0291567089732
49600	48161.9417305	0.0289931102722
49700	48268.2037977	0.0288087767072
49800	48352.0007907	0.0290762893443
49900	48458.1492995	0.028894803617
50000	48556.78655	0.0288642690001
50100	48640.0568368	0.0291405820999
50200	48733.7610478	0.0292079472547
50300	48826.1380626	0.0293014301664
50400	48919.1368537	0.0293822052831
50500	49008.7379217	0.0295299421438
50600	49113.8409032	0.0293707331381
50700	49203.4344417	0.0295180583491
50800	49300.2824796	0.0295219984335
50900	49408.0090972	0.0293121984824
51000	49489.0270885	0.0296269198331
51100	49582.2081667	0.0297023842136
51200	49676.9753632	0.0297465749374
51300	49762.1879062	0.0299768439343
51400	49864.532675	0.029872905155
51500	49960.2924696	0.0298972335996
51600	50060.4080157	0.0298370539585
51700	50131.0510435	0.0303471751745
51800	50225.4578853	0.030396565921
51900	50299.4193919	0.0308397034324
52000	50390.8552732	0.0309450909007
52100	50481.9374575	0.0310568626191
52200	50570.118204	0.0312237891955
52300	50674.6993304	0.031076494638
52400	50764.5974783	0.0312099717878
52500	50855.2809893	0.0313279811555
52600	50944.5979539	0.0314715217884
52700	51069.9802076	0.030930166839
52800	51162.2689421	0.0310176336719
52900	51256.1227187	0.0310751849022
53000	51352.2648212	0.0310893429959
53100	51437.6527981	0.031305973671
53200	51520.7205998	0.0315654022594
53300	51625.6942151	0.0314128665087
53400	51712.1211827	0.0316082175528
53500	51796.5919877	0.0318394020999
53600	51903.1129378	0.0316583407132
53700	51991.2530459	0.0318202412309
53800	52077.0100133	0.0320258361845
53900	52196.4803824	0.0316051877108
54000	52293.0631533	0.0316099416063
54100	52394.0641322	0.0315330104945
54200	52488.6600001	0.0315745387428
54300	52614.6622518	0.0310375275918
54400	52706.9110105	0.0311229593656
54500	52799.6804748	0.0311985233983
54600	52872.0071181	0.03164822128
54700	52957.7198031	0.0318515575305
54800	53044.8130295	0.0320289593154
54900	53146.2781933	0.0319439309061
55000	53236.025531	0.0320722630726
55100	53332.4185713	0.0320795177621
55200	53404.8056012	0.0325216376599
55300	53493.1102661	0.0326743170686
55400	53579.8636983	0.0328544458786
55500	53661.2402846	0.0331308056821
55600	53768.6135125	0.0329386058902
55700	53883.0002269	0.0326211808458
55800	54011.0231725	0.0320605166213
55900	54087.6732589	0.0324208719335
56000	54203.8812659	0.032073548823
56100	54321.72692	0.0316982723709
56200	54390.9119577	0.0321901786892
56300	54459.9318042	0.0326832716845
56400	54549.7391269	0.0328060438494
56500	54633.6647458	0.0330324823754
56600	54738.4073578	0.032890329368
56700	54820.6586875	0.0331453494276
56800	54928.7584593	0.0329443933224
56900	55047.2829243	0.0325609327897
57000	55131.6837067	0.0327774788292
57100	55213.2426367	0.0330430361345
57200	55313.4688228	0.0329813142867
57300	55437.536108	0.0325037328448
57400	55532.8631631	0.0325285163221
57500	55629.4380149	0.0325315127846
57600	55688.9730814	0.0331775506707
57700	55786.1510924	0.0331689585375
57800	55909.6505071	0.0327050085281
57900	56004.1790337	0.0327430218704
58000	56082.4169323	0.0330617770289
58100	56169.7959446	0.0332221007815
58200	56252.6308454	0.0334599511106
58300	56365.0019707	0.0331903607087
58400	56442.8745309	0.0335124224166
58500	56535.7816131	0.0335763826812
58600	56619.02885	0.0338049684292
58700	56712.5474915	0.0338577940124
58800	56830.8768824	0.0334884883949
58900	56933.0062522	0.0333954795885
59000	57025.5529631	0.0334652040151
59100	57100.1005446	0.0338392462848
59200	57202.6916407	0.0337383168798
59300	57318.4631059	0.0334154619581
59400	57420.9543032	0.0333172676228
59500	57515.5949472	0.033351345425
59600	57595.1543487	0.033638349854
59700	57683.6636695	0.0337744778977
59800	57745.1041101	0.0343628075237
59900	57852.7108246	0.03417845034
60000	57940.4326918	0.0343261218026
60100	57998.7357481	0.034962799532
60200	58077.7529033	0.0352532740323
60300	58179.9263625	0.0351587667903
60400	58257.559339	0.0354708718711
60500	58337.0939566	0.035750513114
60600	58428.7810678	0.0358286952505
60700	58542.1643666	0.0355491867121
60800	58636.4527463	0.0355846587787
60900	58719.8850171	0.0357982755811
61000	58814.6147853	0.0358259871256
61100	58928.6179008	0.0355381685631
61200	59009.1707649	0.0357978633192
61300	59099.5939071	0.0358956948278
61400	59187.5591419	0.0360332387311
61500	59277.0333763	0.036145798759
61600	59376.9527204	0.0360884298638
61700	59459.9753989	0.0363050988834
61800	59578.5672542	0.0359455136869
61900	59661.366346	0.0361653255898
62000	59779.0948166	0.0358210513453
62100	59852.145024	0.0361973426085
62200	59932.502516	0.0364549434723
62300	60066.5795569	0.035849445314
62400	60167.3025192	0.0357804083458
62500	60257.4148917	0.0358813617322
62600	60345.709857	0.0360110246486
62700	60436.6084844	0.0360987482548
62800	60540.7478978	0.0359753519456
62900	60638.8814219	0.0359478311297
63000	60715.6848513	0.0362589706139
63100	60800.8465747	0.0364366628413
63200	60905.6951819	0.0363022914254
63300	61001.4627249	0.0363118052936
63400	61089.4103152	0.0364446322517
63500	61194.1288074	0.0363129321677
63600	61308.7890987	0.0360253286374
63700	61410.1549288	0.0359473323578
63800	61504.3924287	0.0359813098955
63900	61583.8963859	0.0362457529599
64000	61700.7283921	0.0359261188738
64100	61827.3905965	0.035454124859
64200	61954.0979715	0.0349828976407
64300	62037.867552	0.0351809089891
64400	62155.7021509	0.0348493454822
64500	62282.0176136	0.0343873238208
64600	62387.5981834	0.03424770614
64700	62463.0636016	0.0345739783367
64800	62543.0038834	0.0348301869852
64900	62636.7604378	0.0348727205263
65000	62738.3647976	0.0347943877289
65100	62820.202456	0.0350199315507
65200	62922.29739	0.0349340891109
65300	63005.164313	0.0351429661098
65400	63118.4047134	0.034886778083
65500	63183.4840778	0.0353666553003
65600	63255.386352	0.0357410617073
65700	63373.2851485	0.0354142290938
65800	63467.9843769	0.0354409669163
65900	63528.2223667	0.0359905558916
66000	63601.2596084	0.0363445513885
66100	63706.0094343	0.0362177090121
66200	63809.1111007	0.0361161465154
66300	63863.471739	0.0367500491861
66400	63982.5209326	0.0364078172803
66500	64087.6879986	0.036275368442
66600	64197.940236	0.0360669634237
66700	64258.2049235	0.0366086218367
66800	64339.3963654	0.036835383752
66900	64431.5048074	0.0368982838957
67000	64491.8798153	0.0374346296225
67100	64636.2848846	0.0367170658029
67200	64731.4926761	0.0367337399388
67300	64820.1254982	0.0368480609476
67400	64920.0247729	0.0367948846744
67500	65015.6386361	0.0368053535396
67600	65089.6900377	0.0371347627555
67700	65159.5685052	0.037524837441
67800	65257.5325266	0.0374995202569
67900	65347.1644157	0.0375969894593
68000	65471.697203	0.037180923485
68100	65563.2597558	0.0372502238499
68200	65666.8064872	0.0371435998944
68300	65783.2550907	0.0368483881304
68400	65843.6128575	0.0373740810302
68500	65927.4130099	0.0375560144538
68600	66044.7755926	0.0372481692034
68700	66187.2057833	0.0365763350317
68800	66259.6733961	0.0369233518007
68900	66326.9977754	0.0373440090648
69000	66453.6080121	0.0369042317086
69100	66558.352802	0.0367821591609
69200	66674.8286078	0.0364909160717
69300	66767.8601628	0.0365388143892
69400	66873.0402003	0.0364115244917
69500	66973.3417765	0.0363547945832
69600	67032.7491323	0.0368857883297
69700	67130.3556489	0.036867207333
69800	67193.2866587	0.037345463343
69900	67260.8824105	0.0377556164455
70000	67326.3165641	0.038195477656
70100	67423.2824797	0.0381842727579
70200	67529.2746829	0.0380445201867
70300	67616.7220054	0.0381689615159
70400	67699.0962442	0.0383651101679
70500	67792.0416975	0.0384107560634
70600	67911.3535969	0.0380828102425
70700	68046.5999008	0.0375304115873
70800	68135.0069106	0.0376411453303
70900	68238.167795	0.0375434725664
71000	68325.6186142	0.0376673434625
71100	68420.6613606	0.0376840877552
71200	68510.0237526	0.0377805652727
71300	68601.3125809	0.037849753423
71400	68653.4514866	0.0384670660145
71500	68766.3587012	0.0382327454375
71600	68898.9021462	0.0377248303597
71700	68945.1487957	0.0384219135882
71800	68993.2457808	0.0390912843902
71900	69125.1066089	0.0385937884709
72000	69216.6335933	0.0386578667596
72100	69327.5291534	0.0384531324077
72200	69424.4359756	0.0384427150192
72300	69500.6062127	0.0387191395195
72400	69591.0275576	0.0387979619114
72500	69655.6387186	0.0392325693982
72600	69749.1819776	0.0392674658736
72700	69839.8821362	0.0393413736428
72800	69897.8966706	0.0398640567228
72900	69955.3938183	0.0403924030416
73000	70039.3765348	0.0405564858252
73100	70162.7816799	0.040180825172
73200	70282.2363528	0.0398601591147
73300	70410.1266211	0.0394252848413
73400	70484.3853159	0.0397222709005
73500	70587.0549797	0.0396319050383
73600	70662.6636414	0.0399094613939
73700	70723.8593601	0.0403818268641
73800	70828.2431645	0.0402677077984
73900	70919.847697	0.0403268241267
74000	70996.8208684	0.0405835017786
74100	71097.4174386	0.0405206823407
74200	71177.5486005	0.0407338463547
74300	71239.6352947	0.0411892961685
74400	71306.3643833	0.0415811238801
74500	71390.0525166	0.0417442615216
74600	71472.4631749	0.0419240861269
74700	71548.2597807	0.0421919708068
74800	71627.3519863	0.0424150803966
74900	71770.1807804	0.0417866384453
75000	71841.4608493	0.0421138553422
75100	71990.736074	0.041401650147
75200	72090.6416485	0.0413478504191
75300	72178.7283886	0.0414511502173
75400	72306.7158748	0.0410249883979
75500	72435.0186715	0.0405957791853
75600	72509.7494999	0.0408763293664
75700	72573.5089802	0.0413010702753
75800	72683.6004189	0.0411134509374
75900	72804.7403521	0.0407807595241
76000	72882.6585298	0.0410176509239
76100	72932.364837	0.0416246407751
76200	73020.7478353	0.0417224693531
76300	73107.0577953	0.0418472110706
76400	73149.1451548	0.0425504560895
76500	73208.7002469	0.0430235261848
76600	73286.7899543	0.043253394852
76700	73447.6632565	0.0424033473723
76800	73548.6615067	0.0423351366309
76900	73649.6697613	0.0422669731953
77000	73759.1647346	0.0420887696804
77100	73874.8092081	0.0418312683769
77200	74012.9716925	0.041282750097
77300	74094.2612181	0.0414713943323
77400	74167.6338321	0.0417618367944
77500	74249.8718438	0.0419371374988
77600	74296.0091836	0.0425772012416
77700	74351.4387284	0.043096026662
77800	74436.6679845	0.0432304886315
77900	74529.6829732	0.0432646601649
78000	74617.424033	0.0433663585509
78100	74782.4647422	0.0424780442746
78200	74887.5139732	0.0423591563525
78300	74956.1473327	0.0427056534774
78400	75023.8669351	0.0430629217457
78500	75132.6464456	0.0428962236223
78600	75159.5520443	0.0437716024902
78700	75283.3608528	0.043413458033
78800	75373.9807125	0.0434774021253
78900	75525.4306523	0.0427702071946
79000	75665.2241805	0.0422123521451
79100	75775.7882994	0.0420254323713
79200	75877.7855797	0.0419471517719
79300	76005.2725187	0.0415476353253
79400	76057.178124	0.0421010311841
79500	76122.7218083	0.0424814866881
79600	76188.001843	0.0428642984554
79700	76267.350941	0.0430696243287
79800	76346.9751	0.0432709887215
79900	76398.8661526	0.043818946776
80000	76587.0164323	0.0426622945962
80100	76670.7177407	0.0428125126007
80200	76790.7599165	0.0425092279739
80300	76862.1619602	0.0428124288896
80400	77007.1521914	0.0421995996094
80500	77142.8159928	0.0417041491573
80600	77248.9879827	0.0415758314801
80700	77318.1534986	0.0419064002654
80800	77406.1670662	0.0420028828437
80900	77472.6118561	0.0423657372547
81000	77598.7018471	0.0419913352206
81100	77698.516723	0.0419418406536
81200	77766.5167455	0.0422842765332
81300	77893.5138179	0.0419001990421
81400	78022.98057	0.0414867251845
81500	78165.2801389	0.0409168081111
81600	78320.702364	0.0401874710299
81700	78391.1064073	0.04050053357
81800	78483.6286054	0.0405424375866
81900	78617.2439927	0.0400824909321
82000	78726.1739845	0.0399247075055
82100	78828.4720429	0.0398480871756
82200	78840.3016972	0.040872242127
82300	78946.0491782	0.0407527438862
82400	79020.5756535	0.0410124313894
82500	79116.8124265	0.0410083342239
82600	79217.5746934	0.0409494589181
82700	79366.8326779	0.0403043207027
82800	79491.3395106	0.0399596677463
82900	79528.128376	0.040673964101
83000	79593.5460895	0.0410416133797
83100	79659.6831676	0.0413997212083
83200	79728.6621506	0.0417228106898
83300	79765.4212301	0.0424319180059
83400	79850.4351195	0.0425607299822
83500	79943.8245588	0.0425889274399
83600	80014.2730246	0.0428914709979
83700	80075.1945684	0.0433071138777
83800	80141.6494861	0.0436557340556
83900	80241.6241779	0.0436040026473
84000	80334.0079231	0.0436427628207
84100	80439.6270043	0.0435240546454
84200	80532.8214916	0.0435531889354
84300	80697.8667819	0.0427299314129
84400	80774.6110044	0.042954845919
84500	80815.6653859	0.0436015930663
84600	80969.150863	0.0429178384987
84700	81051.06785	0.0430806629276
84800	81105.3399967	0.0435691038123
84900	81275.7991031	0.0426878786439
85000	81365.6023326	0.042757619617
85100	81432.6535323	0.0430945530868
85200	81543.5437806	0.0429161528094
85300	81614.719877	0.0432037529073
85400	81786.6369742	0.0423110424564
85500	81907.4468087	0.0420181659805
85600	82039.8992876	0.0415899615934
85700	82128.048395	0.041679715344
85800	82230.4351226	0.0416033202498
85900	82277.3222737	0.0421731982101
86000	82379.3801247	0.0421002311081
86100	82406.461733	0.0428982377117
86200	82581.4998438	0.0419779600492
86300	82608.1622301	0.0427791166846
86400	82717.0087569	0.0426272134613
86500	82806.5692062	0.0426986218935
86600	82887.6687015	0.0428675669572
86700	83045.1692728	0.0421549103482
86800	83133.0044528	0.0422464924788
86900	83226.0328863	0.0422781025742
87000	83321.7743116	0.0422784561881
87100	83338.5785615	0.0431850911423
87200	83389.8295481	0.0436946152739
87300	83444.3954054	0.0441650010832
87400	83561.4499663	0.0439193367695
87500	83659.0280462	0.0438968223287
87600	83758.8786899	0.0438484167816
87700	83874.4696197	0.0436206428769
87800	83951.6888021	0.0438304236662
87900	84048.0099649	0.0438224122308
88000	84137.3835312	0.0438933689634
88100	84261.2455118	0.0435726956664
88200	84368.534045	0.0434406570857
88300	84527.3987268	0.0427248162305
88400	84577.9337844	0.0432360431631
88500	84647.4144029	0.0435320406451
88600	84730.9253275	0.0436690143618
88700	84847.7570798	0.0434300216478
88800	84985.3122427	0.0429581954654
88900	85085.0495658	0.0429128282815
89000	85159.2311945	0.0431547056793
89100	85248.0215345	0.0432320815436
89200	85303.7199382	0.0436802697509
89300	85375.9240043	0.0439426203329
89400	85493.7923966	0.0436935973531
89500	85623.864921	0.0433087718328
89600	85662.6495039	0.0439436439295
89700	85756.1095394	0.0439675636639
89800	85866.9850042	0.0437974943849
89900	85982.0240098	0.0435814904361
90000	86073.3610948	0.0436293211687
90100	86227.6929432	0.0429778807631
90200	86349.4434419	0.042689097097
90300	86406.0047736	0.043122870724
90400	86492.8004681	0.0432212337598
90500	86616.256108	0.0429142971487
90600	86761.9612961	0.0423624581002
90700	86840.549911	0.0425518201649
90800	87074.1520815	0.0410335673844
90900	87175.6639015	0.0409717942631
91000	87312.3059716	0.0405241102022
91100	87449.2729739	0.0400738422182
91200	87511.3933029	0.0404452488712
91300	87639.1991645	0.0400963946932
91400	87743.3296472	0.0400073342762
91500	87846.1454703	0.0399328363897
91600	87914.5921355	0.0402337103112
91700	87972.3261471	0.0406507508496
91800	88013.4238162	0.0412481065771
91900	88164.9475329	0.0406425730915
92000	88207.1725416	0.0412263854178
92100	88297.1814808	0.0412901033568
92200	88386.5008869	0.041361161747
92300	88434.6925964	0.0418776533429
92400	88542.072059	0.0417524668941
92500	88615.5470282	0.0419940861816
92600	88685.6591497	0.0422714994632
92700	88932.1983847	0.0406451091182
92800	89101.9448677	0.0398497320286
92900	89238.0565398	0.0394181212075
93000	89307.9854823	0.0396990808351
93100	89388.4971809	0.0398657660481
93200	89468.7253536	0.0400351356906
93300	89564.3188493	0.0400394549916
93400	89665.3124833	0.0399859477166
93500	89772.0351504	0.0398712818134
93600	89908.547673	0.0394385932367
93700	89955.0257071	0.0399677085686
93800	90069.8773433	0.0397667660632
93900	90189.7610488	0.0395126618866
94000	90259.5166532	0.0397923760302
94100	90351.9632775	0.0398303583688
94200	90487.5638304	0.0394101504201
94300	90582.1075578	0.0394262188995
94400	90639.1658598	0.039839344705
94500	90740.2061249	0.0397861785729
94600	90828.6657887	0.0398661121706
94700	90878.0320397	0.0403586901822
94800	90991.2994903	0.0401761657139
94900	91038.8123476	0.0406869088772
95000	91058.434139	0.0414901669583
95100	91129.991363	0.0417456218401
95200	91260.3904052	0.041382453727
95300	91379.6086425	0.0411373699635
95400	91454.3534162	0.0413589788662
95500	91616.7458491	0.0406623471304
95600	91686.2412131	0.0409388994443
95700	91860.4115304	0.0401210916367
95800	92024.9579985	0.0394054488674
95900	92140.8978441	0.0391981455259
96000	92315.3017191	0.0383822737596
96100	92364.0843069	0.0388752933725
96200	92516.5843358	0.0382891441186
96300	92562.0983736	0.038815177844
96400	92680.9464486	0.0385793936865
96500	92903.7038142	0.0372673179873
96600	93015.9805027	0.0371016511109
96700	93079.9959277	0.0374354092272
96800	93135.0506256	0.0378610472565
96900	93182.543806	0.0383638410115
97000	93238.9071035	0.038774153572
97100	93340.2663527	0.0387202229384
97200	93468.7210721	0.0383876432912
97300	93523.1579732	0.0388164648184
97400	93738.1257156	0.0375962452197
97500	93794.9111216	0.0380009115738
97600	93826.7257134	0.0386605971985
97700	93860.5083536	0.039298788602
97800	93895.7441202	0.0399208167667
97900	93930.2380258	0.0405491519321
98000	94015.9005512	0.0406540760079
98100	94063.9015894	0.0411426953167
98200	94094.5267802	0.0418072629312
98300	94094.5267802	0.0427820266515
98400	94176.3440627	0.0429233326958
98500	94259.8341617	0.043047368917
98600	94368.8367279	0.042912406411
98700	94516.8580216	0.0423823908653
98800	94577.9931646	0.0427328627063
98900	94672.0329565	0.0427499195499
99000	94837.0487019	0.0420500131117
99100	94837.0487019	0.0430166629471
99200	94935.5789771	0.0429881151505
99300	95009.3671107	0.0432087904264
99400	95060.4784008	0.0436571589462
99500	95124.4961611	0.0439749129534
99600	95163.9775896	0.044538377614
99700	95262.2892366	0.0445106395524
99800	95409.6727892	0.0439912546168
99900	95547.0941113	0.0435726315188
